5 0.525625 0.216444444444 0.01675 0.0631111111111
5 0.5395 0.0697777777778 0.016 0.0577777777778
5 0.525375 0.547111111111 0.02425 0.0693333333333
5 0.5585 0.476666666667 0.017 0.0733333333333
2 0.580625 0.417111111111 0.01425 0.0413333333333
2 0.564125 0.419333333333 0.01325 0.0431111111111
2 0.575125 0.481333333333 0.01375 0.0453333333333
2 0.55375 0.538222222222 0.015 0.0391111111111
2 0.57425 0.528 0.013 0.04
2 0.572125 0.575555555556 0.01475 0.0444444444444
2 0.550125 0.598222222222 0.01725 0.0471111111111
2 0.567625 0.628666666667 0.01425 0.0431111111111
2 0.546375 0.656222222222 0.01425 0.0537777777778
2 0.565875 0.683555555556 0.01425 0.0515555555556
2 0.58425 0.684888888889 0.0155 0.0568888888889
2 0.5395 0.719111111111 0.016 0.0577777777778
2 0.561125 0.770888888889 0.01525 0.06
2 0.583625 0.758222222222 0.01425 0.0533333333333
2 0.5365 0.792444444444 0.016 0.0568888888889
2 0.556125 0.844444444444 0.01575 0.0515555555556
2 0.581375 0.842888888889 0.01775 0.0608888888889
2 0.533625 0.860888888889 0.01575 0.0631111111111
2 0.64075 0.0608888888889 0.01 0.0293333333333
