2 0.432552083333 0.506018518519 0.0432291666667 0.0324074074074
2 0.223177083333 0.495833333333 0.0453125 0.0342592592593
2 0.278645833333 0.635185185185 0.040625 0.0333333333333
2 0.0986979166667 0.62962962963 0.0442708333333 0.0333333333333
5 0.765104166667 0.55 0.109375 0.0425925925926
2 0.778645833333 0.490277777778 0.0427083333333 0.0305555555556
2 0.864583333333 0.552314814815 0.0427083333333 0.0287037037037
2 0.920572916667 0.552314814815 0.0432291666667 0.0324074074074
2 0.627864583333 0.637962962963 0.0401041666667 0.0351851851852
2 0.624479166667 0.784259259259 0.0229166666667 0.0740740740741
